[gd_scene load_steps=69 format=4 uid="uid://p3f1xaqm8id"]

[ext_resource type="PackedScene" uid="uid://c81n6rsfe13qy" path="res://Models/JFG/models/jelly_fish_girl_IK.glb" id="1_8sp2m"]
[ext_resource type="Script" uid="uid://c0kyxugabv0la" path="res://Models/JFG/jelly_fish_girl.gd" id="2_ctkjy"]
[ext_resource type="Shader" uid="uid://db4tpgrv8uij0" path="res://Shaders/JFG_skin.gdshader" id="2_vxsjo"]
[ext_resource type="Texture2D" uid="uid://b8xxgpeimaaqn" path="res://Models/JFG/textures/underwear_texture.png" id="3_h17yl"]
[ext_resource type="Shader" uid="uid://6evy6m7allbb" path="res://Shaders/JFG_face.gdshader" id="4_tvltw"]
[ext_resource type="Texture2D" uid="uid://lpqqiebv7dt3" path="res://Models/JFG/faces/spritesheet.png" id="5_m2mm5"]
[ext_resource type="Shader" uid="uid://cenb80p7eh8b5" path="res://Shaders/JFG_hair.gdshader" id="6_h17yl"]
[ext_resource type="Shader" uid="uid://dpxq38qrq8x5d" path="res://Shaders/JFG_clothes.gdshader" id="7_l7bk4"]
[ext_resource type="Texture2D" uid="uid://cagkue1mxc5vn" path="res://Models/JFG/textures/clothes_texture.png" id="7_tvltw"]
[ext_resource type="Material" uid="uid://byeq4c0xycfjc" path="res://Models/JFG/materials/clothes_material.tres" id="8_m2mm5"]
[ext_resource type="PackedScene" uid="uid://cu0225of8r2sg" path="res://Player/fake_fish.tscn" id="10_sskjn"]
[ext_resource type="Texture2D" uid="uid://drw6uhypyo4ey" path="res://Textures/skyrender.png" id="11_ah0cj"]
[ext_resource type="Material" uid="uid://ceeuporpmp8lt" path="res://Textures/sand_material.tres" id="12_i8tt3"]
[ext_resource type="PackedScene" uid="uid://djw56e4742ewv" path="res://Models/blahaj/blahaj_model.tscn" id="13_2lh6a"]
[ext_resource type="Shader" uid="uid://c60r6xqjgyjav" path="res://Shaders/JFG_eye.gdshader" id="13_6f1a5"]
[ext_resource type="Material" uid="uid://b8pdw50ywdhkt" path="res://Shaders/water_shader_material.tres" id="13_puxw3"]
[ext_resource type="Texture2D" uid="uid://cknjgl3r75q0i" path="res://Models/JFG/faces/eye_white.png" id="14_kklxm"]
[ext_resource type="Texture2D" uid="uid://n2yune56md71" path="res://Models/JFG/textures/smear.png" id="14_puxw3"]
[ext_resource type="Texture2D" uid="uid://dtei5yqkv7ohr" path="res://Models/JFG/textures/jelly_hat_face.png" id="14_y4es0"]
[ext_resource type="ArrayMesh" uid="uid://j5x24j3qh6og" path="res://Models/JFG/models/hat_face_mesh.obj" id="15_h5a1t"]
[ext_resource type="Texture2D" uid="uid://dljdt6nwd05li" path="res://Models/JFG/faces/iris_right.png" id="15_hd6l8"]
[ext_resource type="Shader" uid="uid://qtmgaodj5ftv" path="res://Shaders/JFG_hat_face.gdshader" id="15_hhs3r"]
[ext_resource type="Texture2D" uid="uid://ccigv54mq4t4t" path="res://Models/JFG/faces/iris_left.png" id="16_wswht"]

[sub_resource type="FastNoiseLite" id="FastNoiseLite_gggs4"]
noise_type = 0
frequency = 0.02

[sub_resource type="NoiseTexture2D" id="NoiseTexture2D_45gao"]
seamless = true
noise = SubResource("FastNoiseLite_gggs4")

[sub_resource type="ShaderMaterial" id="ShaderMaterial_l7bk4"]
render_priority = -1
shader = ExtResource("2_vxsjo")
shader_parameter/noise_tex = SubResource("NoiseTexture2D_45gao")
shader_parameter/bubble_color = Color(0.5184, 0.81, 0.81, 1)
shader_parameter/height_multiplier = 0.3
shader_parameter/noise_sample_size = 0.8
shader_parameter/animation_speed = 0.4
shader_parameter/transparency = 0.3
shader_parameter/underwear_texture = ExtResource("3_h17yl")

[sub_resource type="ShaderMaterial" id="ShaderMaterial_puxw3"]
render_priority = 0
shader = ExtResource("4_tvltw")
shader_parameter/Hframes = 50
shader_parameter/Vframes = 50
shader_parameter/frame = 0
shader_parameter/texture_albedo = ExtResource("5_m2mm5")

[sub_resource type="FastNoiseLite" id="FastNoiseLite_tvltw"]
noise_type = 0
frequency = 0.02

[sub_resource type="NoiseTexture2D" id="NoiseTexture2D_m2mm5"]
seamless = true
noise = SubResource("FastNoiseLite_tvltw")

[sub_resource type="ShaderMaterial" id="ShaderMaterial_h17yl"]
render_priority = -2
shader = ExtResource("6_h17yl")
shader_parameter/noise_tex = SubResource("NoiseTexture2D_m2mm5")
shader_parameter/bubble_color = Color(0.5936, 0.512, 0.8, 1)
shader_parameter/height_multiplier = 0.2
shader_parameter/noise_sample_size = 3.0
shader_parameter/animation_speed = 0.3
shader_parameter/transparency = 0.0

[sub_resource type="ShaderMaterial" id="ShaderMaterial_m2mm5"]
render_priority = 0
shader = ExtResource("6_h17yl")
shader_parameter/noise_tex = SubResource("NoiseTexture2D_m2mm5")
shader_parameter/bubble_color = Color(1, 0.4, 0.69, 1)
shader_parameter/height_multiplier = 0.3
shader_parameter/noise_sample_size = 3.0
shader_parameter/animation_speed = 0.3
shader_parameter/transparency = 0.2

[sub_resource type="FastNoiseLite" id="FastNoiseLite_l7bk4"]
noise_type = 0
frequency = 0.02

[sub_resource type="NoiseTexture2D" id="NoiseTexture2D_sskjn"]
seamless = true
noise = SubResource("FastNoiseLite_l7bk4")

[sub_resource type="ShaderMaterial" id="ShaderMaterial_ah0cj"]
render_priority = -3
shader = ExtResource("7_l7bk4")
shader_parameter/noise_tex = SubResource("NoiseTexture2D_sskjn")
shader_parameter/clothes_texture = ExtResource("7_tvltw")
shader_parameter/height_multiplier = 0.4
shader_parameter/noise_sample_size = 0.8
shader_parameter/animation_speed = 0.4
shader_parameter/transparency = 0.0

[sub_resource type="StandardMaterial3D" id="StandardMaterial3D_m2mm5"]
transparency = 1
cull_mode = 2
depth_draw_mode = 1
albedo_texture = ExtResource("7_tvltw")

[sub_resource type="StandardMaterial3D" id="StandardMaterial3D_l7bk4"]
transparency = 1
cull_mode = 2
depth_draw_mode = 1
albedo_texture = ExtResource("7_tvltw")

[sub_resource type="ShaderMaterial" id="ShaderMaterial_tvltw"]
render_priority = 1
shader = ExtResource("6_h17yl")
shader_parameter/noise_tex = SubResource("NoiseTexture2D_m2mm5")
shader_parameter/bubble_color = Color(1, 0.19, 0.5815, 1)
shader_parameter/height_multiplier = 0.1
shader_parameter/noise_sample_size = 3.0
shader_parameter/animation_speed = 0.3
shader_parameter/transparency = 0.05

[sub_resource type="StandardMaterial3D" id="StandardMaterial3D_puxw3"]
render_priority = 1
transparency = 1
cull_mode = 2
shading_mode = 0
albedo_texture = ExtResource("14_puxw3")

[sub_resource type="ShaderMaterial" id="ShaderMaterial_hhs3r"]
render_priority = 0
shader = ExtResource("15_hhs3r")
shader_parameter/albedo = Color(1, 1, 1, 1)
shader_parameter/texture_albedo = ExtResource("14_y4es0")
shader_parameter/depth_bias = 0.14

[sub_resource type="ShaderMaterial" id="ShaderMaterial_g84a4"]
render_priority = 0
shader = ExtResource("15_hhs3r")
shader_parameter/albedo = Color(0.21, 0.21, 0.21, 1)
shader_parameter/depth_bias = 3.0

[sub_resource type="CylinderMesh" id="CylinderMesh_b6y5a"]
top_radius = 0.06
bottom_radius = 0.06
height = 0.02
radial_segments = 16
rings = 0
cap_top = false
cap_bottom = false

[sub_resource type="ShaderMaterial" id="ShaderMaterial_b6y5a"]
render_priority = 0
shader = ExtResource("15_hhs3r")
shader_parameter/albedo = Color(0.21, 0.21, 0.21, 1)
shader_parameter/depth_bias = 0.0

[sub_resource type="CylinderMesh" id="CylinderMesh_shhd1"]
flip_faces = true
top_radius = 0.06
bottom_radius = 0.06
height = 0.02
radial_segments = 16
rings = 0
cap_top = false
cap_bottom = false

[sub_resource type="ShaderMaterial" id="ShaderMaterial_hbni8"]
render_priority = 3
shader = ExtResource("4_tvltw")
shader_parameter/Hframes = 4
shader_parameter/Vframes = 4
shader_parameter/frame = 0
shader_parameter/texture_albedo = ExtResource("5_m2mm5")

[sub_resource type="StandardMaterial3D" id="StandardMaterial3D_5s8dx"]

[sub_resource type="ArrayMesh" id="ArrayMesh_2lh6a"]
resource_name = "jelly_fish_girl_IK_Plane_001"
_surfaces = [{
"aabb": AABB(-0.156777, 2.05364, 0.109834, 0.313553, 0.3497, 0.075053),
"attribute_data": PackedByteArray("AQCAPgAAgD8BAIA+AAAAtAEAAD8AAIA/AAAAAAAAgD8AAAAAAABAPwAAAAD+//8+AAAAAAAAgD4AAAAAAAAAtAEAAD8AAAC0AQBAPwAAALQAAEA/AACAPwEAgD8AAAC0AQCAP/z/fz4BAIA//v//PgEAgD8AAEA/AQCAPwAAgD8BAIA+//8/PwEAAD8AAAA/AQAAPwAAQD8BAIA+/v//PgAAQD8AAEA/AQBAP/7//z4AAEA/AACAPgEAAD/8/38+AgCAPgAAgD4="),
"bone_aabbs": [AABB(0, 0, 0, -1, -1, -1), AABB(0, 0, 0, -1, -1, -1), AABB(0, 0, 0, -1, -1, -1), AABB(0, 0, 0, -1, -1, -1), AABB(0, 0, 0, -1, -1, -1), AABB(0, 0, 0, -1, -1, -1), AABB(0, 0, 0, -1, -1, -1), AABB(0, 0, 0, -1, -1, -1), AABB(0, 0, 0, -1, -1, -1), AABB(0, 0, 0, -1, -1, -1), AABB(0, 0, 0, -1, -1, -1), AABB(0, 0, 0, -1, -1, -1), AABB(0, 0, 0, -1, -1, -1), AABB(0, 0, 0, -1, -1, -1), AABB(0, 0, 0, -1, -1, -1), AABB(0, 0, 0, -1, -1, -1), AABB(0, 0, 0, -1, -1, -1), AABB(0, 0, 0, -1, -1, -1), AABB(0, 0, 0, -1, -1, -1), AABB(0, 0, 0, -1, -1, -1), AABB(0, 0, 0, -1, -1, -1), AABB(0, 0, 0, -1, -1, -1), AABB(-0.156777, 2.05364, 0.109834, 0.313553, 0.3497, 0.075053)],
"format": 34359745559,
"index_count": 96,
"index_data": PackedByteArray("EAARABIAAAAQABIAAwAQAAAAAAASAAIAAwAEABAABAATABAAEAATABEABAAFABMAAgASABQAAgAUAAoACgAUAA4ACgAOAA8AFAANAA4AEgAVABQAFAAVAA0AEgARABUAFQAMAA0AFQAWAAwAEQAWABUAFgALAAwAFgAJAAsAEQAXABYAFwAJABYAEwAXABEAFwAIAAkAEwAYABcAGAAIABcABQAYABMAGAABAAgABQAGABgABgABABgABgAHAAEA"),
"lods": [0.0138769, PackedByteArray("AAABAAIAAwAEAAAABAABAAAABAAFAAEABQAGAAEABgAHAAEAAQAIAAIAAgAIAAkAAgAJAAoACQALAAwACQAMAA0ACgAJAA0ACgANAA4ACgAOAA8A")],
"material": SubResource("StandardMaterial3D_5s8dx"),
"primitive": 3,
"skin_data": PackedByteArray("FgAAAAAAAAD//wAAAAAAABYAAAAAAAAA//8AAAAAAAAWAAAAAAAAAP//AAAAAAAAFgAAAAAAAAD//wAAAAAAABYAAAAAAAAA//8AAAAAAAAWAAAAAAAAAP//AAAAAAAAFgAAAAAAAAD//wAAAAAAABYAAAAAAAAA//8AAAAAAAAWAAAAAAAAAP//AAAAAAAAFgAAAAAAAAD//wAAAAAAABYAAAAAAAAA//8AAAAAAAAWAAAAAAAAAP//AAAAAAAAFgAAAAAAAAD//wAAAAAAABYAAAAAAAAA//8AAAAAAAAWAAAAAAAAAP//AAAAAAAAFgAAAAAAAAD//wAAAAAAABYAAAAAAAAA//8AAAAAAAAWAAAAAAAAAP//AAAAAAAAFgAAAAAAAAD//wAAAAAAABYAAAAAAAAA//8AAAAAAAAWAAAAAAAAAP//AAAAAAAAFgAAAAAAAAD//wAAAAAAABYAAAAAAAAA//8AAAAAAAAWAAAAAAAAAP//AAAAAAAAFgAAAAAAAAD//wAAAAAAAA=="),
"uv_scale": Vector4(0, 0, 0, 0),
"vertex_count": 25,
"vertex_data": PackedByteArray("SXOvveNuA0CTyBg+SnOvvWGbGUC08ik+7WkNouNuA0CR0Co+CIogvoJfBECP8OA9CIogvuV8CUCr2fc9CIogvi6MDkDsuAA+B4ogvnqbE0DuuAA+CIogvsOqGEBoogE+iKX+oWHQGUCw+js+SnOvPWGbGUC08ik+SXOvPeNuA0CTyBg+CIogPsOqGEBoogE+CIogPnqbE0DuuAA+CIogPi6MDkDsuAA+CIogPuV8CUCr2fc9CIogPoJfBECP8OA9S3OvvZQECUDkfiY+wsK2MS6MDkD3Uj0+wsK2MZQECUDhhjg+S3OvvS6MDkD5Sis+R3OvPZQECUDkfiY+SnOvPS6MDkD5Sis+SXOvPccTFED6Sis+iKX+occTFED4Uj0+SXOvvccTFED6Sis+GWBtc4fX2rsLXuGALNjgw/9/927///+/bVQtdSnKLLpXU2J4JM0EvYlRvH2y0P6/LFEXgBzLwcSfUTSAB8h8x/9/4IHJ/ma/86HhgC/3tKvln21zv/ma01+uNIBp9Bel0q4XgBX6sqZ1rrx9/f1C2KesYnhv9nHakastdfHw09v+XhZ3D9lTvf9/oXz///+//38NdP///79FXX99zNtxvwChFnfD/MfSuaJ/fd7+3q0Xo2yAkfpurP9/84Bl/7K/51xsgBba3cE=")
}]
blend_shape_mode = 0

[sub_resource type="Skin" id="Skin_6aj6f"]
resource_name = "Skin"
bind_count = 137
bind/0/name = &"Hips"
bind/0/bone = -1
bind/0/pose = Transform3D(1, 0, 0, 0, 1, 0, 0, 0, 1, 0, -1.30172, 0)
bind/1/name = &"Spine"
bind/1/bone = -1
bind/1/pose = Transform3D(1, 0, -2.38419e-07, 0, 1, 0, 2.38419e-07, 0, 1, 0, -1.42172, 0)
bind/2/name = &"Chest"
bind/2/bone = -1
bind/2/pose = Transform3D(1, 0, 0, 0, 1, 0, 0, 0, 1, 0, -1.70226, 0)
bind/3/name = &"Left shoulder"
bind/3/bone = -1
bind/3/pose = Transform3D(-0.0725842, -0.997362, -9.71429e-08, 0.997362, -0.072584, -9.75229e-09, 2.67555e-09, -9.75945e-08, 1, 1.98609, 0.0870358, 1.93783e-07)
bind/4/name = &"Left arm"
bind/4/bone = -1
bind/4/pose = Transform3D(2.61119e-16, 1, -5.34985e-08, 1, 2.08616e-07, 2.08138e-14, -1.39695e-23, -5.34986e-08, -1, -1.97596, -0.211381, 1.04205e-07)
bind/5/name = &"Left elbow"
bind/5/bone = -1
bind/5/pose = Transform3D(-2.64698e-23, 1, -7.58967e-07, 1, 2.08616e-07, 2.08138e-14, 1.8512e-29, -7.58967e-07, -1, -1.97596, -0.571578, 1.49818e-06)
bind/6/name = &"Left wrist"
bind/6/bone = -1
bind/6/pose = Transform3D(1.405e-35, 1, -7.58967e-07, 1, 2.08616e-07, 2.08138e-14, 1.50462e-36, -7.58968e-07, -1, -1.97596, -0.894888, 1.49818e-06)
bind/7/name = &"Left fingers"
bind/7/bone = -1
bind/7/pose = Transform3D(-2.92871e-43, 1, -1.59343e-06, 1, 2.08616e-07, 2.08138e-14, -8.96831e-44, -1.59343e-06, -1, -1.97596, -1.03865, 3.14705e-06)
bind/8/name = &"Left fingers.001"
bind/8/bone = -1
bind/8/pose = Transform3D(-5.60519e-45, 1, -1.95106e-06, 1, 2.08616e-07, 2.08137e-14, -8.40779e-45, -1.95106e-06, -1, -1.97596, -1.10337, 3.85371e-06)
bind/9/name = &"Left fingers.001_leaf"
bind/9/bone = -1
bind/9/pose = Transform3D(1, 0, 0, 0, -1, 0, 0, 0, -1, -1.17182, 1.97596, -1.50611e-09)
bind/10/name = &"Left thumb"
bind/10/bone = -1
bind/10/pose = Transform3D(0.0117674, 0.999923, 0.00407453, 0.830768, -0.0120442, 0.556489, 0.556495, -0.00316333, -0.830845, -1.97844, -0.80873, -0.484078)
bind/11/name = &"Left thumb_leaf"
bind/11/bone = -1
bind/11/pose = Transform3D(1, 0, 0, 0, -1, 0, 0, 0, -1, -1.00818, 1.96638, 0.0851519)
bind/12/name = &"Right shoulder"
bind/12/bone = -1
bind/12/pose = Transform3D(-0.0725842, 0.997362, -8.2281e-08, -0.997362, -0.072584, -9.75233e-09, -1.56989e-08, 8.13561e-08, 1, -1.98609, 0.0870358, -1.62569e-07)
bind/13/name = &"Right arm"
bind/13/bone = -1
bind/13/pose = Transform3D(-1.2772e-15, -1, -6.90692e-08, -1, 2.08616e-07, -1.75655e-14, -3.55272e-15, 6.90692e-08, -1, 1.97596, -0.211381, -1.37984e-07)
bind/14/name = &"Right elbow"
bind/14/bone = -1
bind/14/pose = Transform3D(-3.36247e-23, -1, 7.58967e-07, -1, 2.08616e-07, -2.11182e-14, -2.55201e-29, -7.58967e-07, -1, 1.97596, -0.571578, 1.49818e-06)
bind/15/name = &"Right wrist"
bind/15/bone = -1
bind/15/pose = Transform3D(-3.15543e-30, -1, 7.58967e-07, -1, 2.08616e-07, -2.11182e-14, 6.14401e-37, -7.58967e-07, -1, 1.97596, -0.894888, 1.49818e-06)
bind/16/name = &"Right fingers"
bind/16/bone = -1
bind/16/pose = Transform3D(-4.66632e-43, -1, 1.59343e-06, -1, 2.08616e-07, -2.11182e-14, 4.48416e-44, -1.59343e-06, -1, 1.97596, -1.03865, 3.14705e-06)
bind/17/name = &"Right fingers.001"
bind/17/bone = -1
bind/17/pose = Transform3D(4.2039e-45, -1, 1.95106e-06, -1, 2.08616e-07, -2.11182e-14, 4.2039e-45, -1.95106e-06, -1, 1.97596, -1.10337, 3.85371e-06)
bind/18/name = &"Right fingers.001_leaf"
bind/18/bone = -1
bind/18/pose = Transform3D(1, 0, 0, 0, -1, 0, 0, 0, -1, 1.17182, 1.97596, -1.50611e-09)
bind/19/name = &"Right thumb"
bind/19/bone = -1
bind/19/pose = Transform3D(0.0117674, -0.999923, -0.00407453, -0.830768, -0.0120442, 0.556489, -0.556495, -0.00316333, -0.830845, 1.97844, -0.80873, -0.484078)
bind/20/name = &"Right thumb_leaf"
bind/20/bone = -1
bind/20/pose = Transform3D(1, 0, 0, 0, -1, 0, 0, 0, -1, 1.00818, 1.96638, 0.0851519)
bind/21/name = &"Neck"
bind/21/bone = -1
bind/21/pose = Transform3D(1, 0, 0, 0, 1, 0, 0, 0, 1, 0, -2.03361, 0)
bind/22/name = &"Head_2"
bind/22/bone = -1
bind/22/pose = Transform3D(1, 0, 0, 0, 1, 0, 0, 0, 1, 0, -2.14004, 0)
bind/23/name = &"Left strand start"
bind/23/bone = -1
bind/23/pose = Transform3D(-0.971256, -0.238038, -5.1409e-07, 0.223486, -0.911883, 0.344273, -0.0819496, 0.334377, 0.938869, 0.709193, 2.12204, -0.745928)
bind/24/name = &"Left strand mid"
bind/24/bone = -1
bind/24/pose = Transform3D(-0.95615, -0.291009, 0.0330113, 0.27386, -0.848423, 0.452968, -0.103809, 0.442146, 0.890915, 0.816941, 1.72326, -0.968044)
bind/25/name = &"Left strand end"
bind/25/bone = -1
bind/25/pose = Transform3D(-0.939974, -0.331472, 0.0810899, 0.325038, -0.797318, 0.508561, -0.103919, 0.504391, 0.857198, 0.886925, 1.43466, -1.08725)
bind/26/name = &"Left strand end_leaf"
bind/26/bone = -1
bind/26/pose = Transform3D(1, 0, 0, 0, -1, 0, 0, 0, -1, -0.32578, 1.81113, 0.242175)
bind/27/name = &"Right strand start"
bind/27/bone = -1
bind/27/pose = Transform3D(-0.971256, 0.178644, -0.157315, -0.223486, -0.911882, 0.344273, -0.0819513, 0.369535, 0.925595, -0.57418, 2.12204, -0.854213)
bind/28/name = &"Right strand mid"
bind/28/bone = -1
bind/28/pose = Transform3D(-0.95615, 0.189339, -0.223443, -0.27386, -0.848423, 0.452968, -0.103811, 0.494297, 0.863072, -0.590153, 1.72326, -1.12081)
bind/29/name = &"Right strand end"
bind/29/bone = -1
bind/29/pose = Transform3D(-0.939973, 0.213287, -0.266379, -0.325039, -0.797318, 0.508561, -0.10392, 0.564618, 0.818783, -0.628004, 1.43466, -1.25474)
bind/30/name = &"Right strand end_leaf"
bind/30/bone = -1
bind/30/pose = Transform3D(1, 0, 0, 0, -1, 0, 0, 0, -1, 0.32578, 1.81113, 0.242175)
bind/31/name = &"Hat root"
bind/31/bone = -1
bind/31/pose = Transform3D(1, 0, 0, 0, 1, 0, 0, 0, 1, 0, -2.46859, 0)
bind/32/name = &"Strand1"
bind/32/bone = -1
bind/32/pose = Transform3D(0.679049, -0.318656, -0.661324, -0.542877, -0.824391, -0.160198, -0.494142, 0.4678, -0.732794, 1.08711, 1.98274, -1.0419)
bind/33/name = &"Strand1a"
bind/33/bone = -1
bind/33/pose = Transform3D(0.311843, -0.749526, -0.583921, -0.762274, -0.564227, 0.317153, -0.567179, 0.346206, -0.747295, 1.96299, 1.01617, -0.777374)
bind/34/name = &"Strand1a_leaf"
bind/34/bone = -1
bind/34/pose = Transform3D(1, 0, 0, 0, -1, 0, 0, 0, -1, 0.347959, 2.26235, 0.271943)
bind/35/name = &"Strand2"
bind/35/bone = -1
bind/35/pose = Transform3D(0.814052, -0.316041, -0.487276, -0.487276, -0.828183, -0.276903, -0.316041, 0.462851, -0.828183, 0.982973, 1.87634, -1.20353)
bind/36/name = &"Strand2a"
bind/36/bone = -1
bind/36/pose = Transform3D(0.97063, 0.14208, -0.19414, 0.100465, -0.972629, -0.209521, -0.218595, 0.183863, -0.958338, 0.0509341, 2.17584, -0.557457)
bind/37/name = &"Strand2b"
bind/37/bone = -1
bind/37/pose = Transform3D(0.960405, -0.165091, 0.224429, -0.188025, -0.978494, 0.0848369, 0.205596, -0.123676, -0.970791, 0.702783, 1.86932, 0.201733)
bind/38/name = &"Strand2b_leaf"
bind/38/bone = -1
bind/38/pose = Transform3D(1, 0, 0, 0, -1, 0, 0, 0, -1, 0.416611, 1.70125, -0.0971631)
bind/39/name = &"Strand3"
bind/39/bone = -1
bind/39/pose = Transform3D(0.783836, -0.336228, -0.522063, -0.504828, -0.834596, -0.22045, -0.361591, 0.43635, -0.823924, 0.915025, 2.00055, -1.13808)
bind/40/name = &"Strand3a"
bind/40/bone = -1
bind/40/pose = Transform3D(0.796138, -0.317092, -0.515379, -0.529667, -0.777017, -0.340142, -0.292603, 0.54378, -0.786567, 0.874867, 1.61859, -1.36356)
bind/41/name = &"Strand3a_leaf"
bind/41/bone = -1
bind/41/pose = Transform3D(1, 0, 0, 0, -1, 0, 0, 0, -1, 0.363965, 2.09204, -0.151867)
bind/42/name = &"Strand5"
bind/42/bone = -1
bind/42/pose = Transform3D(0.958163, -0.205967, -0.198753, -0.238119, -0.958912, -0.154229, -0.15882, 0.195103, -0.967839, 0.63216, 2.27158, -0.602175)
bind/43/name = &"Strand5a"
bind/43/bone = -1
bind/43/pose = Transform3D(0.922578, -0.31989, -0.215688, -0.334343, -0.941866, -0.0332121, -0.192524, 0.102754, -0.975898, 0.867042, 1.94881, -0.412029)
bind/44/name = &"Strand5b"
bind/44/bone = -1
bind/44/pose = Transform3D(0.985341, 0.0391537, -0.166046, 0.00583238, -0.980469, -0.196587, -0.170499, 0.192737, -0.966325, 0.218683, 1.81814, -0.57294)
bind/45/name = &"Strand5b_leaf"
bind/45/bone = -1
bind/45/pose = Transform3D(1, 0, 0, 0, -1, 0, 0, 0, -1, 0.322157, 1.61378, -0.21419)
bind/46/name = &"Strand4"
bind/46/bone = -1
bind/46/pose = Transform3D(0.993493, -0.0772965, -0.083722, -0.0837206, -0.993574, -0.0761688, -0.0772853, 0.0826806, -0.99358, 0.428515, 2.30094, -0.383417)
bind/47/name = &"Strand4a"
bind/47/bone = -1
bind/47/pose = Transform3D(0.969961, -0.117516, 0.213003, 0.0332929, -0.803236, -0.594735, 0.240991, 0.583954, -0.775198, 0.563496, 1.63163, -1.33525)
bind/48/name = &"Strand4a_leaf"
bind/48/bone = -1
bind/48/pose = Transform3D(1, 0, 0, 0, -1, 0, 0, 0, -1, 0.270242, 1.94265, -0.343086)
bind/49/name = &"Strand6"
bind/49/bone = -1
bind/49/pose = Transform3D(0.988615, -0.0757649, -0.129922, -0.0670966, -0.995297, 0.0698676, -0.134583, -0.0603579, -0.989051, 0.301559, 2.35979, -0.101031)
bind/50/name = &"Strand6a"
bind/50/bone = -1
bind/50/pose = Transform3D(0.95809, -0.139504, -0.250173, -0.0983607, -0.980509, 0.170077, -0.269002, -0.138347, -0.953137, 0.403413, 2.04473, 0.0442227)
bind/51/name = &"Strand6b"
bind/51/bone = -1
bind/51/pose = Transform3D(0.94395, -0.257231, -0.206816, -0.274085, -0.960016, -0.056969, -0.18387, 0.110461, -0.976711, 0.617511, 1.64988, -0.386507)
bind/52/name = &"Strand6b_leaf"
bind/52/bone = -1
bind/52/pose = Transform3D(1, 0, 0, 0, -1, 0, 0, 0, -1, 0.281274, 1.50699, -0.172338)
bind/53/name = &"Strand7"
bind/53/bone = -1
bind/53/pose = Transform3D(0.964183, -0.254077, -0.0761421, -0.264359, -0.943909, -0.197865, -0.0215973, 0.210907, -0.977268, 0.628391, 2.17812, -0.668799)
bind/54/name = &"Strand7a"
bind/54/bone = -1
bind/54/pose = Transform3D(0.996332, 0.0698311, -0.0494614, 0.0695155, -0.997549, -0.00808118, -0.0499034, 0.00461283, -0.998744, -0.0302264, 2.06709, -0.251376)
bind/55/name = &"Strand7b"
bind/55/bone = -1
bind/55/pose = Transform3D(0.998788, 0.0388664, -0.0302085, 0.0247469, -0.926933, -0.374411, -0.0425524, 0.373209, -0.926771, 0.0295488, 1.55775, -0.887317)
bind/56/name = &"Strand7b_leaf"
bind/56/bone = -1
bind/56/pose = Transform3D(1, 0, 0, 0, -1, 0, 0, 0, -1, 0.0980411, 1.48257, -0.3559)
bind/57/name = &"Strand8"
bind/57/bone = -1
bind/57/pose = Transform3D(0.989542, -0.106646, 0.0969563, -0.102219, -0.993525, -0.0495879, 0.101603, 0.0391618, -0.99405, 0.260166, 2.32487, -0.313963)
bind/58/name = &"Strand8a"
bind/58/bone = -1
bind/58/pose = Transform3D(0.984965, 0.138191, 0.103528, 0.138548, -0.990347, 0.00369851, 0.103026, 0.0107034, -0.994617, -0.251575, 2.07874, -0.254423)
bind/59/name = &"Strand8b"
bind/59/bone = -1
bind/59/pose = Transform3D(0.968162, 0.211727, 0.133445, 0.246758, -0.896477, -0.368009, 0.0417022, 0.38923, -0.920194, -0.379506, 1.55793, -0.932101)
bind/60/name = &"Strand8b_leaf"
bind/60/bone = -1
bind/60/pose = Transform3D(1, 0, 0, 0, -1, 0, 0, 0, -1, -0.0916934, 1.5861, -0.337883)
bind/61/name = &"Strand9"
bind/61/bone = -1
bind/61/pose = Transform3D(0.915773, 0.328941, 0.230562, 0.230561, -0.900432, 0.368868, 0.328942, -0.28464, -0.900433, -0.77299, 2.16705, 0.391126)
bind/62/name = &"Strand9a"
bind/62/bone = -1
bind/62/pose = Transform3D(0.933905, 0.0216641, 0.356865, 0.0265529, -0.999609, -0.00880554, 0.356536, 0.0176995, -0.934115, -0.112705, 2.07941, -0.249082)
bind/63/name = &"Strand9b"
bind/63/bone = -1
bind/63/pose = Transform3D(0.985759, -0.155876, 0.0631139, -0.138039, -0.964359, -0.225736, 0.0960521, 0.213809, -0.972142, 0.139568, 1.67474, -0.561929)
bind/64/name = &"Strand9b_leaf"
bind/64/bone = -1
bind/64/pose = Transform3D(1, 0, 0, 0, -1, 0, 0, 0, -1, -0.10136, 1.4341, -0.252607)
bind/65/name = &"Strand10"
bind/65/bone = -1
bind/65/pose = Transform3D(0.996808, -0.0569097, -0.0559449, -0.0559453, -0.998259, 0.0186614, -0.0569079, -0.0154722, -0.998259, -0.136241, 2.28704, -0.185831)
bind/66/name = &"Strand10a"
bind/66/bone = -1
bind/66/pose = Transform3D(0.97994, 0.120495, -0.158722, 0.0990605, -0.985652, -0.136665, -0.17291, 0.1182, -0.977819, -0.488645, 1.79507, -0.40515)
bind/67/name = &"Strand10a_leaf"
bind/67/bone = -1
bind/67/pose = Transform3D(1, 0, 0, 0, -1, 0, 0, 0, -1, -0.266651, 1.52104, -0.277627)
bind/68/name = &"Strand11"
bind/68/bone = -1
bind/68/pose = Transform3D(0.980478, 0.185168, 0.0661665, 0.193643, -0.967722, -0.161299, 0.0341608, 0.170962, -0.984686, -0.771718, 2.09079, -0.537369)
bind/69/name = &"Strand11a"
bind/69/bone = -1
bind/69/pose = Transform3D(0.991303, -0.126503, -0.0362949, -0.129274, -0.88424, -0.448787, 0.0246774, 0.449575, -0.892903, -0.171934, 1.74006, -1.07358)
bind/70/name = &"Strand11a_leaf"
bind/70/bone = -1
bind/70/pose = Transform3D(1, 0, 0, 0, -1, 0, 0, 0, -1, -0.384078, 1.741, -0.315146)
bind/71/name = &"Strand13"
bind/71/bone = -1
bind/71/pose = Transform3D(0.788765, 0.338411, 0.513154, 0.405852, -0.913691, -0.0212779, 0.461664, 0.225048, -0.858032, -0.925965, 2.14072, -0.655176)
bind/72/name = &"Strand13a"
bind/72/bone = -1
bind/72/pose = Transform3D(0.726153, 0.427474, 0.538486, 0.644215, -0.696652, -0.315695, 0.240185, 0.576144, -0.781261, -1.10339, 1.34155, -1.36239)
bind/73/name = &"Strand13a_leaf"
bind/73/bone = -1
bind/73/pose = Transform3D(1, 0, 0, 0, -1, 0, 0, 0, -1, -0.378813, 2.06727, -0.102858)
bind/74/name = &"Strand12"
bind/74/bone = -1
bind/74/pose = Transform3D(0.901469, 0.390691, 0.186319, 0.252384, -0.824147, 0.507035, 0.351647, -0.410053, -0.841546, -1.16221, 1.92293, 0.77907)
bind/75/name = &"Strand12a"
bind/75/bone = -1
bind/75/pose = Transform3D(0.902639, 0.0150893, -0.430133, -0.210768, -0.855856, -0.472321, -0.37526, 0.516994, -0.769348, -0.339553, 1.93935, -0.988721)
bind/76/name = &"Strand12b"
bind/76/bone = -1
bind/76/pose = Transform3D(0.923905, 0.37693, -0.065747, 0.369331, -0.923444, -0.104139, -0.0999679, 0.0719324, -0.992386, -0.984146, 1.64289, -0.248102)
bind/77/name = &"Strand12b_leaf"
bind/77/bone = -1
bind/77/pose = Transform3D(1, 0, 0, 0, -1, 0, 0, 0, -1, -0.397465, 1.60643, -0.173602)
bind/78/name = &"Strand14"
bind/78/bone = -1
bind/78/pose = Transform3D(0.808115, 0.463068, 0.364029, 0.410881, -0.885995, 0.214919, 0.422049, -0.0241073, -0.906252, -1.33646, 2.06168, 0.176808)
bind/79/name = &"Strand14a"
bind/79/bone = -1
bind/79/pose = Transform3D(0.534706, 0.817321, 0.21465, 0.800258, -0.571354, 0.182047, 0.271432, 0.0744337, -0.959575, -2.02037, 1.0257, 0.00874268)
bind/80/name = &"Strand14a_leaf"
bind/80/bone = -1
bind/80/pose = Transform3D(1, 0, 0, 0, -1, 0, 0, 0, -1, -0.318698, 2.19271, 0.269347)
bind/81/name = &"hat1"
bind/81/bone = -1
bind/81/pose = Transform3D(-0.238108, -0.926423, -0.291623, 0.567267, -0.376376, 0.732495, -0.788361, 0.0089855, 0.615147, 2.37289, 0.698782, 0.0575947)
bind/82/name = &"hat1_leaf"
bind/82/bone = -1
bind/82/pose = Transform3D(1, 0, 0, 0, -1, 0, 0, 0, -1, -0.328374, 2.38491, 0.292373)
bind/83/name = &"hat2"
bind/83/bone = -1
bind/83/pose = Transform3D(-0.53753, -0.837425, 0.0988968, -0.413927, 0.364218, 0.834272, -0.73466, 0.40751, -0.542411, 2.00863, -1.11195, -0.970923)
bind/84/name = &"hat2_leaf"
bind/84/bone = -1
bind/84/pose = Transform3D(1, 0, 0, 0, -1, 0, 0, 0, -1, 0.172151, 2.55161, 0.360165)
bind/85/name = &"hat3"
bind/85/bone = -1
bind/85/pose = Transform3D(0.504187, -0.806921, -0.307692, -0.825823, -0.554714, 0.101532, -0.252609, 0.202908, -0.946054, 2.04612, 1.13785, -0.633502)
bind/86/name = &"hat3_leaf"
bind/86/bone = -1
bind/86/pose = Transform3D(1, 0, 0, 0, -1, 0, 0, 0, -1, 0.437201, 2.28637, -0.06251)
bind/87/name = &"hat4"
bind/87/bone = -1
bind/87/pose = Transform3D(0.988481, 0.142362, 0.0513569, 0.124067, -0.567919, -0.81368, -0.0866707, 0.81068, -0.57904, -0.317064, 1.06054, -1.99481)
bind/88/name = &"hat4_leaf"
bind/88/bone = -1
bind/88/pose = Transform3D(1, 0, 0, 0, -1, 0, 0, 0, -1, -0.0320835, 2.15866, -0.427616)
bind/89/name = &"hat5"
bind/89/bone = -1
bind/89/pose = Transform3D(0.484736, 0.438005, 0.757088, 0.819035, -0.531059, -0.21716, 0.306941, 0.725347, -0.616165, -1.03817, 1.01646, -1.864)
bind/90/name = &"hat5_leaf"
bind/90/bone = -1
bind/90/pose = Transform3D(1, 0, 0, 0, -1, 0, 0, 0, -1, -0.416306, 2.23411, -0.1878)
bind/91/name = &"hat6"
bind/91/bone = -1
bind/91/pose = Transform3D(0.00632737, 0.513708, 0.857942, 0.107825, 0.852606, -0.511309, -0.99415, 0.0957429, -0.0499959, -1.33714, -2.02519, -0.217619)
bind/92/name = &"hat6_leaf"
bind/92/bone = -1
bind/92/pose = Transform3D(1, 0, 0, 0, -1, 0, 0, 0, -1, -0.0393267, 2.66252, -0.0359729)
bind/93/name = &"Breast.L"
bind/93/bone = -1
bind/93/pose = Transform3D(0.967882, 0.0720146, -0.24087, 0.250009, -0.174906, 0.952315, 0.026451, -0.981948, -0.187292, -0.230914, 0.289183, 1.81502)
bind/94/name = &"Breast.L_leaf"
bind/94/bone = -1
bind/94/pose = Transform3D(1, 0, 0, 0, -1, 0, 0, 0, -1, -0.141195, 1.82288, 0.15369)
bind/95/name = &"Breast.R"
bind/95/bone = -1
bind/95/pose = Transform3D(0.967882, -0.0720146, 0.24087, -0.250009, -0.174906, 0.952315, -0.026451, -0.981948, -0.187292, 0.230914, 0.289183, 1.81502)
bind/96/name = &"Breast.R_leaf"
bind/96/bone = -1
bind/96/pose = Transform3D(1, 0, 0, 0, -1, 0, 0, 0, -1, 0.141195, 1.82288, 0.15369)
bind/97/name = &"Skirt1.L"
bind/97/bone = -1
bind/97/pose = Transform3D(-0.651589, -0.758573, -6.48139e-07, 0.758572, -0.651589, 1.11488e-06, -1.26804e-06, 2.34783e-07, 1, 1.25782, 0.789056, -0.0196121)
bind/98/name = &"Skirt1.L.001"
bind/98/bone = -1
bind/98/pose = Transform3D(-0.619445, -0.78504, -3.67756e-07, 0.78504, -0.619445, 8.86147e-08, -2.97371e-07, -2.33811e-07, 1, 1.28186, 0.550732, -0.0196118)
bind/99/name = &"Skirt1.L.001_leaf"
bind/99/bone = -1
bind/99/pose = Transform3D(1, 0, 0, 0, -1, 0, 0, 0, -1, -0.460702, 1.26933, 0.0196122)
bind/100/name = &"Skirt1.R"
bind/100/bone = -1
bind/100/pose = Transform3D(-0.651589, 0.758573, 6.48139e-07, -0.758572, -0.651589, 1.115e-06, 1.26813e-06, 2.34858e-07, 1, -1.25782, 0.789056, -0.0196121)
bind/101/name = &"Skirt1.R.001"
bind/101/bone = -1
bind/101/pose = Transform3D(-0.619445, 0.78504, 3.67756e-07, -0.78504, -0.619445, 8.86146e-08, 2.97371e-07, -2.33811e-07, 1, -1.28186, 0.550732, -0.0196118)
bind/102/name = &"Skirt1.R.001_leaf"
bind/102/bone = -1
bind/102/pose = Transform3D(1, 0, 0, 0, -1, 0, 0, 0, -1, 0.460702, 1.26933, 0.0196122)
bind/103/name = &"Skirt2.L"
bind/103/bone = -1
bind/103/pose = Transform3D(-0.822575, -0.552277, -0.1355, 0.333914, -0.661977, 0.671035, -0.460295, 0.506731, 0.728939, 0.923704, 0.812695, -0.83038)
bind/104/name = &"Skirt2.L.001"
bind/104/bone = -1
bind/104/pose = Transform3D(-0.794827, -0.590736, -0.138858, 0.347058, -0.630217, 0.694534, -0.497797, 0.503842, 0.705933, 0.97185, 0.575017, -0.813064)
bind/105/name = &"Skirt2.L.001_leaf"
bind/105/bone = -1
bind/105/pose = Transform3D(1, 0, 0, 0, -1, 0, 0, 0, -1, -0.211918, 1.26667, 0.397141)
bind/106/name = &"Skirt2.R"
bind/106/bone = -1
bind/106/pose = Transform3D(-0.822575, 0.552277, 0.1355, -0.333914, -0.661977, 0.671035, 0.460295, 0.506732, 0.728939, -0.923704, 0.812695, -0.83038)
bind/107/name = &"Skirt2.R.001"
bind/107/bone = -1
bind/107/pose = Transform3D(-0.794827, 0.590737, 0.138858, -0.347058, -0.630217, 0.694534, 0.497797, 0.503842, 0.705933, -0.97185, 0.575017, -0.813064)
bind/108/name = &"Skirt2.R.001_leaf"
bind/108/bone = -1
bind/108/pose = Transform3D(1, 0, 0, 0, -1, 0, 0, 0, -1, 0.211918, 1.26667, 0.397141)
bind/109/name = &"Skirt3.L"
bind/109/bone = -1
bind/109/pose = Transform3D(-0.86892, -0.487482, -0.0856671, 0.427346, -0.651589, -0.626744, 0.249707, -0.5812, 0.774502, 0.809128, 0.817483, 0.931161)
bind/110/name = &"Skirt3.L.001"
bind/110/bone = -1
bind/110/pose = Transform3D(-0.851943, -0.516204, -0.0879073, 0.442257, -0.619446, -0.648611, 0.280362, -0.591457, 0.756027, 0.843852, 0.580151, 0.934112)
bind/111/name = &"Skirt3.L.001_leaf"
bind/111/bone = -1
bind/111/pose = Transform3D(1, 0, 0, 0, -1, 0, 0, 0, -1, -0.256226, 1.26933, -0.337542)
bind/112/name = &"Skirt3.R"
bind/112/bone = -1
bind/112/pose = Transform3D(-0.86892, 0.487482, 0.0856671, -0.427346, -0.651589, -0.626744, -0.249707, -0.5812, 0.774502, -0.809128, 0.817483, 0.931161)
bind/113/name = &"Skirt3.R.001"
bind/113/bone = -1
bind/113/pose = Transform3D(-0.851943, 0.516204, 0.0879074, -0.442257, -0.619446, -0.648611, -0.280362, -0.591457, 0.756027, -0.843852, 0.580151, 0.934112)
bind/114/name = &"Skirt3.R.001_leaf"
bind/114/bone = -1
bind/114/pose = Transform3D(1, 0, 0, 0, -1, 0, 0, 0, -1, 0.256226, 1.26933, -0.337542)
bind/115/name = &"Left leg"
bind/115/bone = -1
bind/115/pose = Transform3D(7.56495e-08, 0.0369412, -0.999317, 1.77078e-08, -0.999318, -0.0369412, -1, 2.78898e-09, -7.54463e-08, -0.0385428, 1.27119, 0.125505)
bind/116/name = &"Left knee"
bind/116/bone = -1
bind/116/pose = Transform3D(7.66695e-08, -0.111487, 0.993766, 1.76697e-08, -0.993766, -0.111487, 1, 8.41706e-09, -7.50273e-08, 0.0937347, 0.73534, -0.125505)
bind/117/name = &"Left ankle"
bind/117/bone = -1
bind/117/pose = Transform3D(9.14634e-08, -0.880962, -0.473187, 7.66096e-09, -0.473187, 0.880962, -1, -6.65108e-08, -3.57246e-08, 0.127683, 0.152157, 0.125505)
bind/118/name = &"Left toes"
bind/118/bone = -1
bind/118/pose = Transform3D(-0.00306537, -0.996725, -0.0808118, -0.0214302, -0.0807281, 0.996506, -0.999765, 0.00478649, -0.0211126, 0.0814668, -0.1306, 0.128084)
bind/119/name = &"Left toes_leaf"
bind/119/bone = -1
bind/119/pose = Transform3D(1, 0, 0, 0, -1, 0, 0, 0, -1, -0.12296, 0.0604573, 0.257767)
bind/120/name = &"Right leg"
bind/120/bone = -1
bind/120/pose = Transform3D(7.56495e-08, -0.0369412, 0.999317, -1.77078e-08, -0.999318, -0.0369412, 1, 2.78898e-09, -7.54463e-08, 0.0385428, 1.27119, 0.125505)
bind/121/name = &"Right knee"
bind/121/bone = -1
bind/121/pose = Transform3D(7.66695e-08, 0.111487, -0.993766, -1.76697e-08, -0.993766, -0.111487, -1, 8.41706e-09, -7.50273e-08, -0.0937347, 0.73534, -0.125505)
bind/122/name = &"Right ankle"
bind/122/bone = -1
bind/122/pose = Transform3D(9.14634e-08, 0.880962, 0.473187, -7.66096e-09, -0.473187, 0.880962, 1, -6.65108e-08, -3.57246e-08, -0.127683, 0.152157, 0.125505)
bind/123/name = &"Right toes"
bind/123/bone = -1
bind/123/pose = Transform3D(-0.00306537, 0.996725, 0.0808118, 0.0214302, -0.0807281, 0.996506, 0.999765, 0.00478649, -0.0211126, -0.0814668, -0.1306, 0.128084)
bind/124/name = &"Right toes_leaf"
bind/124/bone = -1
bind/124/pose = Transform3D(1, 0, 0, 0, -1, 0, 0, 0, -1, 0.12296, 0.0604573, 0.257767)
bind/125/name = &"kneeIK.L"
bind/125/bone = -1
bind/125/pose = Transform3D(-7.54979e-08, -1, 0, 0, 0, 1, -1, 7.54979e-08, 0, 1.28339, -1.6841, 0.125505)
bind/126/name = &"kneeIK.L_leaf"
bind/126/bone = -1
bind/126/pose = Transform3D(1, 0, 0, 0, -1, 0, 0, 0, -1, -0.125505, 1.28339, 1.84538)
bind/127/name = &"kneeIK.R"
bind/127/bone = -1
bind/127/pose = Transform3D(-7.54979e-08, 1, 0, 0, 0, 1, 1, 7.54979e-08, 0, -1.28339, -1.6841, 0.125505)
bind/128/name = &"kneeIK.R_leaf"
bind/128/bone = -1
bind/128/pose = Transform3D(1, 0, 0, 0, -1, 0, 0, 0, -1, 0.125505, 1.28339, 1.84538)
bind/129/name = &"toeRotation.L"
bind/129/bone = -1
bind/129/pose = Transform3D(-0.0030736, -0.996724, -0.0808119, -0.0214292, -0.0807279, 0.996506, -0.999754, 0.00480059, -0.0211111, 0.0814677, -0.130601, 0.128081)
bind/130/name = &"toePivot.L"
bind/130/bone = -1
bind/130/pose = Transform3D(-2.21653e-07, 5.52536e-08, 1, -5.93851e-06, 0.999999, -1.15813e-07, -0.999989, 1.39695e-09, -2.42141e-07, -0.139432, -0.0700429, 0.125503)
bind/131/name = &"footIK.L"
bind/131/bone = -1
bind/131/pose = Transform3D(6.91376e-08, -0.880961, -0.473187, 2.82873e-06, -0.473187, 0.880962, -0.999989, 4.54052e-06, 2.43883e-06, 0.127683, 0.152156, 0.125503)
bind/132/name = &"footIK.L_leaf"
bind/132/bone = -1
bind/132/pose = Transform3D(1, 0, 0, 0, -1, 0, 0, 0, -1, -0.125505, 0.0416525, 0.192289)
bind/133/name = &"toeRotation.R"
bind/133/bone = -1
bind/133/pose = Transform3D(-0.0030736, 0.996724, 0.0808119, 0.0214292, -0.0807279, 0.996506, 0.999754, 0.00480059, -0.0211111, -0.0814677, -0.130601, 0.128081)
bind/134/name = &"toePivot.R"
bind/134/bone = -1
bind/134/pose = Transform3D(-2.1979e-07, -1.07429e-07, -1, 5.93804e-06, 0.999999, -2.27549e-07, 0.999989, 1.8626e-09, -2.38416e-07, 0.139432, -0.0700429, 0.125503)
bind/135/name = &"footIK.R"
bind/135/bone = -1
bind/135/pose = Transform3D(6.80908e-08, 0.880961, 0.473187, -2.82709e-06, -0.473187, 0.880962, 0.999989, 4.54222e-06, 2.43974e-06, -0.127683, 0.152156, 0.125503)
bind/136/name = &"footIK.R_leaf"
bind/136/bone = -1
bind/136/pose = Transform3D(1, 0, 0, 0, -1, 0, 0, 0, -1, 0.125505, 0.0416526, 0.192289)

[sub_resource type="StandardMaterial3D" id="StandardMaterial3D_nsxks"]
render_priority = 1
transparency = 1
no_depth_test = true
shading_mode = 0
albedo_texture = ExtResource("14_kklxm")

[sub_resource type="ShaderMaterial" id="ShaderMaterial_bqs7x"]
render_priority = 2
shader = ExtResource("13_6f1a5")
shader_parameter/mask_tex = ExtResource("14_kklxm")
shader_parameter/pupil_tex = ExtResource("15_hd6l8")
shader_parameter/pupil_offset = Vector2(0, 0)

[sub_resource type="ShaderMaterial" id="ShaderMaterial_uhwva"]
render_priority = 2
shader = ExtResource("13_6f1a5")
shader_parameter/mask_tex = ExtResource("14_kklxm")
shader_parameter/pupil_tex = ExtResource("16_wswht")
shader_parameter/pupil_offset = Vector2(0, 0)

[sub_resource type="ShaderMaterial" id="ShaderMaterial_lir32"]
render_priority = 2
shader = ExtResource("4_tvltw")
shader_parameter/Hframes = 4
shader_parameter/Vframes = 4
shader_parameter/frame = 4
shader_parameter/texture_albedo = ExtResource("5_m2mm5")

[sub_resource type="PanoramaSkyMaterial" id="PanoramaSkyMaterial_tet6g"]
panorama = ExtResource("11_ah0cj")

[sub_resource type="Sky" id="Sky_ctkjy"]
sky_material = SubResource("PanoramaSkyMaterial_tet6g")

[sub_resource type="Environment" id="Environment_i8tt3"]
background_mode = 2
background_energy_multiplier = 1.6
sky = SubResource("Sky_ctkjy")
glow_levels/3 = 16.0
glow_levels/5 = 0.0
fog_mode = 1
fog_light_color = Color(0.5225, 0.5795, 0.95, 1)
fog_density = 1.0
volumetric_fog_enabled = true
volumetric_fog_density = 0.0
volumetric_fog_albedo = Color(0.307671, 0.802774, 1, 1)
volumetric_fog_emission = Color(0.665666, 0.0532141, 0.675798, 1)

[sub_resource type="BoxMesh" id="BoxMesh_ctkjy"]

[sub_resource type="StandardMaterial3D" id="StandardMaterial3D_i8tt3"]
cull_mode = 1
shading_mode = 0
albedo_color = Color(0, 0, 0, 1)

[sub_resource type="BoxMesh" id="BoxMesh_puxw3"]

[sub_resource type="Animation" id="Animation_g84a4"]
resource_name = "Blahaj"
step = 0.1
tracks/0/type = "value"
tracks/0/imported = false
tracks/0/enabled = true
tracks/0/path = NodePath("blahajAttachment:visible")
tracks/0/interp = 1
tracks/0/loop_wrap = true
tracks/0/keys = {
"times": PackedFloat32Array(0),
"transitions": PackedFloat32Array(1),
"update": 1,
"values": [true]
}
tracks/1/type = "value"
tracks/1/imported = false
tracks/1/enabled = true
tracks/1/path = NodePath("face/EyeOverlay:material_override:shader_parameter/frame")
tracks/1/interp = 1
tracks/1/loop_wrap = true
tracks/1/keys = {
"times": PackedFloat32Array(0),
"transitions": PackedFloat32Array(1),
"update": 1,
"values": [2]
}
tracks/2/type = "value"
tracks/2/imported = false
tracks/2/enabled = true
tracks/2/path = NodePath("face/EyeWhite:visible")
tracks/2/interp = 1
tracks/2/loop_wrap = true
tracks/2/keys = {
"times": PackedFloat32Array(0),
"transitions": PackedFloat32Array(1),
"update": 1,
"values": [false]
}
tracks/3/type = "value"
tracks/3/imported = false
tracks/3/enabled = true
tracks/3/path = NodePath("face/mouth:material_override:shader_parameter/frame")
tracks/3/interp = 1
tracks/3/loop_wrap = true
tracks/3/keys = {
"times": PackedFloat32Array(0),
"transitions": PackedFloat32Array(1),
"update": 1,
"values": [4]
}
tracks/4/type = "value"
tracks/4/imported = false
tracks/4/enabled = true
tracks/4/path = NodePath("Armature/Skeleton3D/hair_ears_001:visible")
tracks/4/interp = 1
tracks/4/loop_wrap = true
tracks/4/keys = {
"times": PackedFloat32Array(0),
"transitions": PackedFloat32Array(1),
"update": 1,
"values": [false]
}

[sub_resource type="Animation" id="Animation_hd6l8"]
resource_name = "Blinking"
length = 5.0
loop_mode = 1
step = 0.1
tracks/0/type = "value"
tracks/0/imported = false
tracks/0/enabled = true
tracks/0/path = NodePath("Armature/Skeleton3D/face:material_override:shader_parameter/frame")
tracks/0/interp = 1
tracks/0/loop_wrap = true
tracks/0/keys = {
"times": PackedFloat32Array(0, 0.8, 0.9, 2.7, 2.8, 3, 3.1, 4.4, 4.5),
"transitions": PackedFloat32Array(1, 1, 1, 1, 1, 1, 1, 1, 1),
"update": 1,
"values": [0, 1, 0, 1, 0, 1, 0, 1, 0]
}
tracks/1/type = "value"
tracks/1/imported = false
tracks/1/enabled = true
tracks/1/path = NodePath("face/mouth:material_override:shader_parameter/frame")
tracks/1/interp = 1
tracks/1/loop_wrap = true
tracks/1/keys = {
"times": PackedFloat32Array(0),
"transitions": PackedFloat32Array(1),
"update": 1,
"values": [4]
}
tracks/2/type = "value"
tracks/2/imported = false
tracks/2/enabled = true
tracks/2/path = NodePath("face/EyeOverlay:material_override:shader_parameter/frame")
tracks/2/interp = 1
tracks/2/loop_wrap = true
tracks/2/keys = {
"times": PackedFloat32Array(0, 0.8, 0.9, 2.7, 2.8, 3, 3.1, 4.4, 4.5),
"transitions": PackedFloat32Array(1, 1, 1, 1, 1, 1, 1, 1, 1),
"update": 1,
"values": [0, 1, 0, 1, 0, 1, 0, 1, 0]
}
tracks/3/type = "value"
tracks/3/imported = false
tracks/3/enabled = true
tracks/3/path = NodePath("face/EyeWhite:visible")
